1 -0.0168973 -0.00846388
2 -0.0453667 -0.0283035
3 -0.00791352 0.000232306
4 0.00786377 0.00727549
5 0.263621 0.208467
6 0.0700521 -0.022766
7 -0.197943 -0.180081
8 -0.472408 -0.321617
9 -0.402692 -0.185518
10 -0.119301 -0.0234213
11 0.387722 0.341627
12 0.438199 0.232093
13 0.156419 -0.00769257
14 -0.293756 -0.284767
15 -0.312509 -0.165029
16 0.0793911 0.151701
17 0.511812 0.382627
18 0.382593 0.151438
19 0.0148995 -0.103876
20 -0.302345 -0.248875
21 0.182767 0.235301
22 0.502496 0.348063
23 -0.46937 -0.384262
24 -1.00539 -0.672324
25 0.801857 0.938287
26 0.892538 0.473121
27 0.223939 -0.0878424
28 -0.774835 -0.690157
29 0.476267 0.612739
30 1.00837 0.668134
31 0.0277723 -0.275838
32 -0.918939 -0.743622
33 -0.765867 -0.367771
34 0.606898 0.710515
35 0.961853 0.587458
36 0.668796 0.249871
37 -0.672764 -0.738824
38 -1.0783 -0.666175
39 -0.683847 -0.232373
40 0.20927 0.364832
41 0.636344 0.441737
42 0.407274 0.132396
43 -0.746577 -0.725697
44 -0.817936 -0.440719
45 0.530443 0.662044
46 1.02814 0.660831
47 -0.104147 -0.394831
48 -0.808319 -0.622524
49 -0.467946 -0.141313
50 0.527179 0.555311
51 0.899949 0.508073
52 -0.292003 -0.502864
53 -0.873351 -0.614723
54 -0.0433285 -0.0253077
55 1.05666 0.700252
56 1.17954 0.639458
57 0.634298 0.32997
58 -0.529134 -0.603421
59 -0.969282 -0.611357
60 -0.853004 -0.390555
61 -0.431369 -0.0902871
62 0.258156 0.336133
63 0.406799 0.250224
64 0.125794 -0.0185439
65 -0.190496 -0.188227
66 -0.194924 -0.0978572
67 0.764587 0.674904
68 0.0756586 -0.163715
69 -1.01061 -0.831105
70 0.683344 0.853357
71 1.00079 0.604129
72 0.114853 -0.199277
73 -0.966288 -0.803241
74 -0.482273 -0.0940979
75 0.46943 0.524406
76 0.731209 0.451975
77 -0.0649868 -0.26384
78 -0.791001 -0.609748
79 -0.271323 0.0224423
80 0.629252 0.590145
81 0.646768 0.328731
82 -0.701319 -0.753246
83 -0.682083 -0.336841
84 0.438769 0.556264
85 0.96105 0.642638
86 -0.0412249 -0.316072
