1 -1.6777 0.356758 0
2 2.99913 0 0.662559
3 2.17973 0 0.448077
4 0.292764 0 0.0414305
5 2.14918 0 0.489729
6 1.60627 0 0.334768
7 0.949746 0 0.202141
8 1.71193 0 0.384663
9 1.58055 0 0.342096
10 1.15248 0 0.257135
11 1.52241 0 0.344323
12 1.51169 0 0.336076
13 1.2689 0 0.284147
14 1.45682 0 0.331802
15 1.47889 0 0.335636
16 1.28318 0 0.293641
17 1.4186 0 0.328768
18 1.43115 0 0.33025
19 1.28921 0 0.300063
20 1.40935 0 0.330741
21 1.38988 0 0.325446
22 1.31421 0 0.310501
23 1.36331 0 0.325053
24 1.32328 0 0.317079
25 1.41028 0 0.338429
26 1.47199 0 0.351737
27 1.15559 0 0.28205
28 1.38279 0 0.339744
29 1.42846 0 0.346677
30 1.23988 0 0.305515
31 1.32622 0 0.329608
32 1.29013 0 0.321232
33 1.38125 0 0.343852
34 1.18954 0 0.301953
35 1.36472 0 0.345692
36 1.26071 0 0.320567
37 1.17588 0 0.30516
38 1.42432 0 0.36294
39 1.22654 0 0.315684
40 1.15146 0 0.304275
41 1.29734 0 0.339166
42 1.25919 0 0.329116
43 1.17925 0 0.31347
44 1.30936 0 0.345002
45 1.16432 0 0.311656
46 1.27414 0 0.339993
47 1.24625 0 0.332906
48 1.12773 0 0.308517
49 1.26328 0 0.341971
50 1.13847 0 0.312941
51 1.24733 0 0.340792
52 1.21468 0 0.333736
53 1.14203 0 0.319547
54 1.20696 0 0.333987
55 1.13442 0 0.321022
56 1.23333 0 0.344742
57 1.16921 0 0.329939
58 1.06842 0 0.308833
59 1.25981 0 0.354214
60 1.16968 0 0.331728
61 1.04819 0 0.307851
62 1.14428 0 0.332564
63 1.16291 0 0.335905
64 1.10719 0 0.324381
65 1.08943 0 0.322677
66 1.14232 0 0.335811
67 1.10129 0 0.326827
68 1.21065 0 0.352918
69 1.05162 0 0.316795
70 1.2587 0 0.366792
71 1.18497 0 0.347616
72 1.01658 0 0.313062
73 1.06158 0 0.327391
74 1.30087 0 0.380435
75 0.9328 0 0.295607
76 1.12355 0 0.346057
77 1.14573 0 0.348267
78 1.00533 0 0.317941
79 1.1297 0 0.349239
80 1.01635 0 0.322832
81 1.12785 0 0.347399
82 1.04299 0 0.329773
83 1.19641 0 0.366418
84 0.979658 0 0.316644
85 0.139345 0 0.13625
86 0.0138114 0 0.125452
